Year,mean_temp
1961,18.041666666666668
1962,17.416666666666664
1963,17.083333333333336
1964,17.46666666666667
1965,17.041666666666668
1966,17.258333333333333
1967,16.941666666666666
1968,17.141666666666662
1969,17.01666666666667
1970,17.325000000000003
1971,16.366666666666667
1972,16.366666666666667
1973,17.008333333333333
1974,16.924999999999997
1975,16.883333333333336
1976,16.750000000000004
1977,17.058333333333334
1978,17.35
1979,17.249999999999996
1980,17.39166666666667
1981,17.59166666666667
1982,17.308333333333334
1983,17.775000000000002
1984,17.158333333333335
1985,17.691666666666666
1986,17.133333333333336
1987,17.966666666666665
1988,17.525
1989,17.966666666666665
1990,17.916666666666668
1991,17.05
1992,17.150000000000002
1993,16.875
1994,17.73333333333333
1995,18.316666666666666
1996,17.599999999999998
1997,18.208333333333336
1998,17.966666666666665
1999,17.666666666666664
2000,17.916666666666664
2001,18.400000000000002
2002,18.083333333333332
2003,18.183333333333334
2004,17.900000000000002
2005,17.966666666666665
2006,18.23333333333333
2007,17.891666666666666
2008,17.849999999999998
2009,18.4
2010,18.658333333333335
2011,18.258333333333333
2012,18.166666666666668
2013,17.999999999999996
2014,18.383333333333336
2015,18.48333333333333
2016,18.641666666666666
2017,18.833333333333332
2018,17.575
2019,18.18333333333333
2020,18.500000000000004
